13 29 8.0
2 2 8.0
2 17 8.0
11 17 8.0
1 55 8.0
9 36 8.0
6 8 8.0
11 41 8.0
12 10 8.0
0 17 8.0
2 56 8.0
1 8 8.0
9 6 8.0
12 57 8.0
8 48 8.0
12 56 8.0
14 27 8.0
0 4 8.0
3 46 8.0
13 10 8.0
7 49 8.0
12 51 8.0
1 15 8.0
9 40 8.0
7 22 8.0
12 24 8.0
8 61 8.0
14 47 8.0
10 34 8.0
14 19 8.0
5 35 8.0
11 12 8.0
10 18 8.0
13 18 8.0
0 51 8.0
14 39 8.0
6 22 8.0
13 28 8.0
10 49 8.0
3 41 8.0
8 44 8.0
9 20 8.0
10 55 8.0
0 3 8.0
4 33 8.0
9 11 8.0
1 61 8.0
9 60 8.0
14 7 8.0
5 15 8.0
14 8 8.0
2 61 8.0
6 24 8.0
8 33 8.0
12 31 8.0
3 16 8.0
7 27 8.0
13 21 8.0
0 11 8.0
11 59 8.0
2 4 -8.0
3 22 -8.0
10 22 -8.0
0 6 -8.0
14 4 -8.0
3 61 -8.0
1 53 -8.0
6 27 -8.0
14 21 -8.0
2 53 -8.0
0 5 -8.0
13 53 -8.0
3 6 -8.0
1 5 -8.0
4 47 -8.0
7 1 -8.0
0 38 -8.0
13 5 -8.0
5 45 -8.0
0 18 -8.0
0 41 -8.0
0 39 -8.0
9 15 -8.0
3 15 -8.0
14 25 -8.0
1 60 -8.0
2 57 -8.0
4 27 -8.0
5 60 -8.0
0 58 -8.0
9 12 -8.0
6 23 -8.0
4 17 -8.0
12 32 -8.0
0 14 -8.0
4 26 -8.0
3 62 -8.0
8 8 -8.0
11 53 -8.0
5 13 -8.0
2 54 -8.0
3 10 -8.0
14 37 -8.0
1 2 -8.0
8 32 -8.0
9 0 -8.0
1 9 -8.0
1 35 -8.0
3 2 -8.0
1 45 -8.0
0 30 -8.0
2 1 -8.0
1 31 -8.0
12 23 -8.0
0 61 -8.0
13 36 -8.0
12 46 -8.0
12 11 -8.0
9 58 -8.0
7 54 -8.0
