7 36 4.0
8 57 4.0
8 3 4.0
12 43 4.0
4 55 4.0
11 32 4.0
12 50 4.0
9 35 4.0
7 26 4.0
13 46 4.0
9 16 4.0
9 21 4.0
5 27 4.0
3 43 4.0
6 16 4.0
2 63 4.0
14 28 4.0
14 6 4.0
8 54 4.0
0 52 4.0
2 35 4.0
0 63 4.0
6 18 4.0
8 38 4.0
1 47 4.0
6 11 4.0
10 38 4.0
8 30 4.0
5 60 4.0
3 62 4.0
2 5 4.0
6 5 4.0
1 25 4.0
5 48 4.0
7 11 4.0
14 36 4.0
4 17 4.0
5 41 4.0
4 19 4.0
2 40 4.0
7 1 -4.0
8 7 -4.0
8 59 -4.0
8 60 -4.0
9 4 -4.0
8 16 -4.0
7 2 -4.0
6 23 -4.0
4 63 -4.0
6 49 -4.0
4 6 -4.0
10 48 -4.0
6 9 -4.0
10 46 -4.0
3 61 -4.0
0 6 -4.0
7 21 -4.0
9 8 -4.0
5 31 -4.0
7 45 -4.0
12 30 -4.0
0 54 -4.0
11 29 -4.0
4 27 -4.0
2 9 -4.0
4 25 -4.0
2 61 -4.0
2 60 -4.0
2 45 -4.0
5 17 -4.0
5 55 -4.0
0 49 -4.0
3 23 -4.0
10 4 -4.0
7 33 -4.0
11 51 -4.0
1 18 -4.0
13 25 -4.0
5 53 -4.0
10 44 -4.0
